=== STATIC SCHEDULING ===
Threads  Time(s)
------------------
      1  0.0592
      2  0.0306
      3  0.0345
      4  0.0325
      5  0.0303
      6  0.0314
      7  0.0352
      8  0.0362
      9  0.0358
     10  0.0371
     11  0.0431
     12  0.0870

=== DYNAMIC SCHEDULING ===
Threads  Time(s)
------------------
      1  0.1219
      2  0.3276
      3  0.3810
      4  0.3746
      5  0.3688
      6  0.3112
      7  0.3121
      8  0.2822
      9  0.2674
     10  0.2847
     11  0.5469
     12  0.7498

=== GUIDED SCHEDULING ===
Threads  Time(s)
------------------
      1  0.0592
      2  0.0378
      3  0.0392
      4  0.0419
      5  0.0447
      6  0.0482
      7  0.0470
      8  0.0488
      9  0.0539
     10  0.0565
     11  0.0635
     12  0.1856
