=== STATIC SCHEDULING ===

Threads | Time(s) | Speedup | Efficiency | Throughput(Mcells/s) | TotalHeat
-------------------------------------------------------------------------------
      1 |  1.8938 |  1.0000 |     1.0000 |     421.5769 | 39968705866.8612
      2 |  1.2363 |  1.5318 |     0.7659 |     645.7917 | 39968705866.8612
      3 |  1.0606 |  1.7856 |     0.5952 |     752.7563 | 39968705866.8612
      4 |  0.9435 |  2.0072 |     0.5018 |     846.1915 | 39968705866.8612
      5 |  0.8716 |  2.1729 |     0.4346 |     916.0604 | 39968705866.8612
      6 |  0.8310 |  2.2789 |     0.3798 |     960.7232 | 39968705866.8612
      7 |  0.8054 |  2.3514 |     0.3359 |     991.2982 | 39968705866.8612
      8 |  0.8498 |  2.2285 |     0.2786 |     939.4783 | 39968705866.8612
      9 |  0.7755 |  2.4420 |     0.2713 |    1029.4733 | 39968705866.8612
     10 |  0.8009 |  2.3646 |     0.2365 |     996.8417 | 39968705866.8612
     11 |  0.8411 |  2.2515 |     0.2047 |     949.1870 | 39968705866.8612
     12 |  0.9041 |  2.0947 |     0.1746 |     883.0688 | 39968705866.8612


=== DYNAMIC SCHEDULING ===

Threads | Time(s) | Speedup | Efficiency | Throughput(Mcells/s) | TotalHeat
-------------------------------------------------------------------------------
      1 |  1.9392 |  1.0000 |     1.0000 |     411.7139 | 39968705866.8612
      2 |  1.4179 |  1.3677 |     0.6838 |     563.0980 | 39968705866.8612
      3 |  1.3375 |  1.4499 |     0.4833 |     596.9292 | 39968705866.8613
      4 |  1.2461 |  1.5562 |     0.3891 |     640.7142 | 39968705866.8612
      5 |  1.0810 |  1.7940 |     0.3588 |     738.5977 | 39968705866.8612
      6 |  0.9632 |  2.0132 |     0.3355 |     828.8707 | 39968705866.8612
      7 |  0.9263 |  2.0935 |     0.2991 |     861.9419 | 39968705866.8612
      8 |  0.8848 |  2.1916 |     0.2739 |     902.3075 | 39968705866.8612
      9 |  0.8581 |  2.2600 |     0.2511 |     930.4645 | 39968705866.8612
     10 |  0.8515 |  2.2773 |     0.2277 |     937.5862 | 39968705866.8613
     11 |  0.8399 |  2.3089 |     0.2099 |     950.5957 | 39968705866.8615
     12 |  0.9231 |  2.1008 |     0.1751 |     864.9454 | 39968705866.8614


=== GUIDED SCHEDULING ===

Threads | Time(s) | Speedup | Efficiency | Throughput(Mcells/s) | TotalHeat
-------------------------------------------------------------------------------
      1 |  1.8957 |  1.0000 |     1.0000 |     421.1590 | 39968705866.8612
      2 |  1.2686 |  1.4944 |     0.7472 |     629.3780 | 39968705866.8612
      3 |  1.1197 |  1.6930 |     0.5643 |     713.0226 | 39968705866.8612
      4 |  0.9364 |  2.0244 |     0.5061 |     852.5908 | 39968705866.8612
      5 |  0.8561 |  2.2144 |     0.4429 |     932.6288 | 39968705866.8612
      6 |  0.8173 |  2.3194 |     0.3866 |     976.8243 | 39968705866.8612
      7 |  0.7910 |  2.3967 |     0.3424 |    1009.3759 | 39968705866.8612
      8 |  0.7601 |  2.4942 |     0.3118 |    1050.4562 | 39968705866.8612
      9 |  0.7864 |  2.4105 |     0.2678 |    1015.2087 | 39968705866.8612
     10 |  0.7584 |  2.4996 |     0.2500 |    1052.7431 | 39968705866.8612
     11 |  0.7372 |  2.5714 |     0.2338 |    1082.9556 | 39968705866.8612
     12 |  0.9258 |  2.0476 |     0.1706 |     862.3602 | 39968705866.8612

